tree
version=v4
num_class=1
num_tree_per_iteration=1
label_index=0
max_feature_idx=53
objective=binary sigmoid:1
feature_names=bd bd_missing city city_missing gender gender_missing registered_via registered_via_missing days_since_reg registration_date_abs n_txns auto_renew_rate last_is_auto_renew avg_plan_days plan_days_std plan_change_flag last_plan_days first_plan_days max_plan_days total_amount_paid avg_amount_paid max_amount_paid zero_paid_rate avg_discount_rate share_30d share_90d days_since_last_txn tenure_days cancel_rate cancel_count last_is_cancel cancel_in_last_month avg_cancel_per_month cancel_to_plandays_ratio active_no_cancel_flag days_since_last_cancel has_ever_cancelled payment_method_nunique days_last_txn_to_expire recency_to_plan_ratio spend_rate_per_day total_secs_played num_logins secs_played_14d logins_14d secs_played_30d logins_30d logins_90d secs_played_60_30d delta_secs_30d_vs_prior days_since_last_login max_secs_single_day days_since_significant_usage has_log_history
feature_infos=[0:80] [0:1] [0:21] none [0:2] [0:1] [0:5] none [0:4719] [0:20170321] [0:117] [0:1] [0:1] [0:450] [0:311.12698372208092] [0:1] [0:450] [0:450] [0:450] [0:7003] [0:1788] [0:1788] [0:1] [-3.0101010101010104:1] [0:1] [0:1] [0:761] [0:761] [0:1] [0:3] [0:1] [0:1] [0:1] [0:1] [0:1] [0:9999] [0:1] [0:3] [0:2689] [0:711] [0:1788] [-9223372036631952:1078931.3840000001] [0:16] [0:65105.25] [0:1] [0:71453.433000000005] [0:1] [0:2] [0:81857.111000000004] [-2728.5703666666668:2381.7811000000002] [0:740] [0:236862.128] [0:716] [0:1]
tree_sizes=2246 2270 2312 2306 2317

Tree=0
num_leaves=20
num_cat=0
split_feature=6 6 19 9 9 9 19 20 39 8 18 6 21 9 9 8 39 18 35
split_gain=462235 302463 132924 117188 69127 72588.2 54481.7 37292.7 26265.4 23811.4 14805.1 14741.4 11887.1 10768.7 10455 9539.42 8842.66 7260.92 6332.19
threshold=2.5000000000000004 3.5000000000000004 446.50000000000006 20140325.500000004 20160325.500000004 20160101.500000004 447.50000000000006 91.000000000000014 1.9012820512820514 595.00000000000011 33.000000000000007 4.5000000000000009 149.50000000000003 20140523.500000004 20160302.500000004 3547.5000000000005 1.5705128205128207 33.000000000000007 70.500000000000014
decision_type=2 2 2 2 2 2 2 2 2 2 2 2 2 2 2 2 2 2 2
left_child=8 2 4 6 5 9 7 11 10 -2 13 15 18 -1 -7 -3 17 -5 -9
right_child=1 3 -4 16 -6 14 -8 12 -10 -11 -12 -13 -14 -15 -16 -17 -18 -19 -20
leaf_value=-2.5282810501559094 -2.6517986512023386 -2.5501126050284246 -2.4967249461573529 -2.5111270199390368 -2.6691195271815786 -2.556881486101616 -2.4583653796423635 -2.4548045942508292 -2.5544556587283793 -2.6180123942890408 -2.4462986027929738 -2.583362075804124 -2.5382417836231879 -2.5054611264040307 -2.6137132134740027 -2.5797849091411229 -2.5476891923453007 -2.4453655063592108 -2.61124304816695
leaf_weight=7233.6221035644412 6864.0155021697283 10386.91304794699 2026.0860904231668 8127.4375597238541 7229.7437195330858 4838.1746868342161 944.62557328492403 62.875365920364857 3739.9862720817327 18880.899441197515 844.3440555408597 8716.8262842148542 596.76861447840929 16125.705115795135 931.85017639398575 3496.0592040941119 1596.0764030143619 426.83971030265093 8162.8580927848816
leaf_count=46121 94615 79827 9083 43458 107167 39147 2061 123 29717 221998 1231 84375 4161 80746 10716 33090 12034 598 92663
internal_value=-2.57081 -2.58915 -2.61938 -2.56016 -2.6258 -2.61586 -2.57461 -2.5781 -2.51614 -2.62702 -2.51022 -2.56753 -2.60519 -2.51253 -2.56606 -2.55758 -2.51411 -2.50784 -2.61005
internal_weight=111232 83288 40770.8 42517.3 38744.7 31514.9 32366.9 31422.3 27943.7 25744.9 24203.7 22599.8 8822.5 23359.3 5770.02 13883 10150.4 8554.28 8225.73
internal_count=992931 835116 482726 352390 473643 366476 296300 294239 157815 316613 128098 197292 96947 126867 49863 112917 56090 44056 92786
is_linear=0
shrinkage=1


Tree=1
num_leaves=20
num_cat=0
split_feature=6 6 19 9 9 9 19 35 8 27 9 9 19 8 9 9 13 13 19
split_gain=319766 227448 97516.2 78946.2 59092.6 56560.5 35339.9 26875.8 20108.4 13132.6 10358.3 7643.56 7623.4 7211.51 6363.42 5958.22 5919.12 5772.73 4884.61
threshold=2.5000000000000004 3.5000000000000004 446.50000000000006 20140312.500000004 20160325.500000004 20160101.500000004 447.50000000000006 670.00000000000011 595.00000000000011 119.50000000000001 20140311.500000004 20160302.500000004 299.50000000000006 2936.5000000000005 20140928.500000004 20161209.500000004 32.166666666666679 32.166666666666679 109.50000000000001
decision_type=2 2 2 2 2 2 2 2 2 2 2 2 2 2 2 2 2 2 2
left_child=9 2 4 6 5 8 7 10 -2 12 13 -7 14 -3 -1 16 18 -11 -5
right_child=1 3 -4 15 -6 11 -8 -9 -10 17 -12 -13 -14 -15 -16 -17 -18 -19 -20
leaf_value=0.13488731410307161 0.030837468947591914 0.12051318723065524 0.15673459853926361 0.14363642169451454 0.014478945947611538 0.1120385965321137 0.18278306555696036 0.072621049865963683 0.061335484315293176 0.11135514398680778 0.09063728996105333 0.065086474456217111 0.19302590183754897 0.09907053514729891 0.15064406463717667 0.1832765755640271 0.18957685345946357 0.17865499751908992 0.11702039926164184
leaf_weight=9461.4651594236493 7059.2051220834255 8783.7134063318372 2380.3304432108998 8336.1180409342051 7324.2174529284239 5400.1065571904182 1142.7983867824078 9422.4876968562603 19994.44300583005 3768.247515372932 9479.0931140631437 990.47942310571671 829.04651715606451 6655.6707977429032 17903.023583196104 868.6201386898756 574.0439824461937 335.05739887058735 2081.3083247765899
leaf_count=51942 94615 58417 9083 39898 107167 39147 2053 96632 221998 27215 84162 10716 933 54307 76988 2078 784 737 14059
internal_value=0.100861 0.085885 0.0600873 0.109397 0.0544442 0.0631964 0.097799 0.0949706 0.0533776 0.142824 0.103421 0.104762 0.146603 0.11127 0.145196 0.144095 0.140997 0.116853 0.138319
internal_weight=122789 90492.6 43148.8 47343.9 40768.5 33444.2 35483.8 34341 27053.6 32296.8 24918.5 6390.59 28193.5 15439.4 27364.5 11860.1 10991.5 4103.3 10417.4
internal_count=992931 835116 482726 352390 473643 366476 295571 293518 316613 157815 196886 49863 129863 112724 128930 56819 54741 27952 53957
is_linear=0
shrinkage=0.0155345


Tree=2
num_leaves=20
num_cat=0
split_feature=6 6 12 19 12 8 10 8 8 8 13 2 2 8 32 39 8 2 10
split_gain=233228 176587 86523.6 75347.4 56489.8 51504 43878.4 40381.2 36633.1 18025.9 8309.22 9641.68 8144.87 7588.89 7231.56 6105.98 5830.98 5665.15 4534.08
threshold=2.5000000000000004 3.5000000000000004 1.0000000180025095e-35 520.50000000000011 1.0000000180025095e-35 320.50000000000006 1.0000000180025095e-35 411.50000000000006 929.50000000000011 595.00000000000011 1.0000000180025095e-35 1.0000000180025095e-35 20.500000000000004 350.50000000000006 0.043258854498047589 11.250000000000002 3242.5000000000005 1.0000000180025095e-35 4.5000000000000009
decision_type=2 2 2 2 2 2 2 2 2 2 2 2 2 2 2 2 2 2 2
left_child=4 3 6 5 10 -2 8 13 17 -9 11 -1 16 -7 18 -11 -10 -3 -4
right_child=1 2 14 -5 -6 7 -8 9 12 15 -12 -13 -14 -15 -16 -17 -18 -19 -20
leaf_value=0.14050700714688191 0.013649218877034864 0.14412639511365344 0.054214477347033829 0.14359349037075447 0.059708551082319636 0.059585642420057622 0.15416343753367373 0.029649606772599559 0.10629940821573418 0.05398053692748768 0.14990861253460525 0.12119355874438859 0.082521852819090039 0.099755334218432079 0.1359149797833154 0.074987247511829419 0.087381553222067768 0.11938721389886527 0.14762658222599814
leaf_weight=9113.4702531024814 7205.5505658462644 3653.7359298169613 9830.2260342314839 2258.8679265081882 2974.8931960612535 1409.6127959340811 4438.4774583727121 7220.2403898388147 11707.92199921608 17385.179700560868 4533.4322539940476 19793.090212903917 10238.273247689009 5831.5869488865137 276.69678747653961 4133.5412544980645 5923.4395521059632 5757.9621580317616 126.97623402625322
leaf_count=29738 104290 11024 101152 6423 26140 14617 12351 94156 70637 185902 12918 89019 84145 38684 1049 38654 45473 26309 250
internal_value=0.0910387 0.0784985 0.0980614 0.0561334 0.12458 0.0515586 0.10799 0.0591504 0.102493 0.0508894 0.13035 0.127283 0.093544 0.0919362 0.057584 0.0580159 0.0999441 0.128992 0.0554066
internal_weight=133813 97398.3 51953.7 45444.6 36414.9 43185.7 41719.8 35980.2 37281.3 28739 33440 28906.6 27869.6 7241.2 10233.9 21518.7 17631.4 9411.7 9957.2
internal_count=992931 835116 352390 482726 157815 476303 249939 372013 237588 318712 131675 118757 200255 53301 102451 224556 116110 37333 101402
is_linear=0
shrinkage=0.0155345


Tree=3
num_leaves=20
num_cat=0
split_feature=38 12 0 38 1 31 8 8 0 8 8 8 38 2 20 9 19 20 2
split_gain=116460 148110 92627.9 28134.5 18986.5 11216.4 9719.75 8552.96 8497.39 7625.15 6494.14 6216.91 4654.16 4055.54 3395.46 5580.97 2996.01 2827.1 2226.86
threshold=87.500000000000014 1.0000000180025095e-35 25.500000000000004 3.5000000000000004 1.0000000180025095e-35 1.0000000180025095e-35 1720.5000000000002 411.50000000000006 21.500000000000004 1720.5000000000002 350.50000000000006 45.500000000000007 32.500000000000007 1.5000000000000002 115.83333333333336 20160325.500000004 331.50000000000006 148.53125000000003 1.0000000180025095e-35
decision_type=2 2 2 2 2 2 2 2 2 2 2 2 2 2 2 2 2 2 2
left_child=1 2 8 4 6 7 18 10 -1 11 14 -6 -9 -11 15 -3 -2 -18 -4
right_child=16 5 3 -5 9 -7 -8 12 -10 13 -12 -13 -14 -15 -16 -17 17 -19 -20
leaf_value=0.12200552580899933 0.15828657979673255 0.05441891954615518 0.11956701896067552 0.12515323715980764 0.099539864417539731 0.16059446278857795 0.078535627292179999 0.037708135767636361 0.10402282471134755 0.043825245873762464 0.086609532223687252 0.073051304003693154 0.057299874878564805 0.085375537483842676 0.069187618032671094 0.0073038715949460533 0.11267096089773987 0.13960794668973078 0.0956480364818552
leaf_weight=13566.168006025255 1666.6668525487185 2445.5703094899654 1011.2640575319529 3169.3431336581707 2239.4764954596758 208.68394745141268 12334.608616732061 16570.349093347788 11914.744378723204 3105.9933887347579 1797.7812597975135 47485.731234118342 3553.932685226202 693.51732686907053 1829.2561038061976 806.91125231236219 1138.3665812090039 5449.6950263828039 13381.858455717564
leaf_count=47381 4395 23924 3357 11087 12601 400 86495 179248 57475 32841 11388 375070 32617 4802 15881 11701 4140 7197 70931
internal_value=0.08301 0.079574 0.0876743 0.0797562 0.0779632 0.0471571 0.0886563 0.0462801 0.113597 0.0726236 0.0612332 0.0742444 0.0411682 0.0514105 0.0522548 0.0427304 0.139666 0.134954 0.0973291
internal_weight=144370 136115 108903 83421.8 80252.4 27212.5 26727.7 27003.8 25480.9 53524.7 6879.52 49725.2 20124.3 3799.51 5081.74 3252.48 8254.73 6588.06 14393.1
internal_count=992931 977199 702040 597184 586097 275159 160783 274759 104856 425314 62894 387671 211865 37643 51506 35625 15732 11337 74288
is_linear=0
shrinkage=0.0155345


Tree=4
num_leaves=20
num_cat=0
split_feature=38 11 1 8 38 35 8 8 35 8 8 9 38 16 2 2 20 9 8
split_gain=88656.5 120357 65574.2 16034.1 14045.3 8883.53 7427.26 6270.47 5610.72 5316.29 4927.72 6193.48 3851.34 3577.84 3816.22 3379.84 2886.28 4947.92 1953.57
threshold=87.500000000000014 0.70833333333333337 1.0000000180025095e-35 1720.5000000000002 3.5000000000000004 33.500000000000007 411.50000000000006 1720.5000000000002 513.00000000000011 350.50000000000006 45.500000000000007 20160313.500000004 32.500000000000007 4.0000000000000009 1.0000000180025095e-35 1.0000000180025095e-35 115.83333333333336 20160325.500000004 3638.0000000000005
decision_type=2 2 2 2 2 2 2 2 2 2 2 2 2 2 2 2 2 2 2
left_child=1 2 3 13 7 -3 9 10 18 16 -4 -12 -8 14 -1 -9 17 -7 -5
right_child=-2 5 4 8 -6 6 12 15 -10 -11 11 -13 -14 -15 -16 -17 -18 -19 -20
leaf_value=0.11234665292334009 0.12302390672723536 0.13802205709445883 0.090323391618355203 0.080658299172171918 0.10957740241666515 0.051157831582630771 0.035859159029235206 0.041529553992842617 0.1122162944079052 0.079377419396864754 0.070678705981236337 0.057833937259984487 0.053364882489849705 0.11183719421326395 0.094467032222110156 0.078151493998471266 0.064361736632134819 0.0071466323046697902 0.068050170536367402
leaf_weight=3164.3226674720645 9217.3853894546628 243.06969068944454 2428.0587037578225 13939.770083867013 1961.0396027863026 2560.139754883945 17023.642383888364 3217.2484081611037 1235.6105707734823 1925.2560438215733 38606.312306798995 11838.958103068173 3690.5934391245246 3846.7006045207381 32355.221844248474 749.98845122009516 1935.6734178811312 811.96044017374516 3770.6639980375767
leaf_count=8385 15732 427 12601 81420 6316 23923 178577 32793 4536 11362 276441 98629 32402 11955 138330 4850 15850 11700 26702
internal_value=0.0763049 0.0733412 0.0802776 0.0919505 0.0687019 0.0445242 0.0437107 0.0672915 0.0802077 0.0572634 0.0687049 0.0676642 0.0389782 0.0976019 0.0960601 0.0484538 0.0492413 0.0405608 0.0779742
internal_weight=154522 145304 117114 58312.3 58801.6 28190.3 27947.3 56840.6 18946 7233.03 52873.3 50445.3 20714.2 39366.2 35519.5 3967.24 5307.77 3372.1 17710.4
internal_count=992931 977199 702958 271328 431630 274241 273814 425314 112658 62835 387671 375070 210979 158670 146715 37643 51473 35623 108122
is_linear=0
shrinkage=0.0155345


end of trees

feature_importances:
days_since_reg=21
registration_date_abs=15
total_amount_paid=8
city=7
registered_via=7
days_last_txn_to_expire=6
avg_amount_paid=4
days_since_last_cancel=4
last_is_auto_renew=3
avg_plan_days=3
recency_to_plan_ratio=3
bd=2
bd_missing=2
n_txns=2
max_plan_days=2
auto_renew_rate=1
last_plan_days=1
max_amount_paid=1
tenure_days=1
cancel_in_last_month=1
avg_cancel_per_month=1

parameters:
[boosting: gbdt]
[objective: binary]
[metric: auc]
[tree_learner: serial]
[device_type: cpu]
[data_sample_strategy: bagging]
[data: ]
[valid: ]
[num_iterations: 214]
[learning_rate: 0.0155345]
[num_leaves: 20]
[num_threads: 16]
[seed: 42]
[deterministic: 0]
[force_col_wise: 0]
[force_row_wise: 0]
[histogram_pool_size: -1]
[max_depth: 7]
[min_data_in_leaf: 65]
[min_sum_hessian_in_leaf: 0.001]
[bagging_fraction: 0.593191]
[pos_bagging_fraction: 1]
[neg_bagging_fraction: 1]
[bagging_freq: 0]
[bagging_seed: 400]
[bagging_by_query: 0]
[feature_fraction: 0.551739]
[feature_fraction_bynode: 1]
[feature_fraction_seed: 30056]
[extra_trees: 0]
[extra_seed: 12879]
[early_stopping_round: 0]
[early_stopping_min_delta: 0]
[first_metric_only: 0]
[max_delta_step: 0]
[lambda_l1: 5.09309e-07]
[lambda_l2: 0.058732]
[linear_lambda: 0]
[min_gain_to_split: 0.111099]
[drop_rate: 0.1]
[max_drop: 50]
[skip_drop: 0.5]
[xgboost_dart_mode: 0]
[uniform_drop: 0]
[drop_seed: 17869]
[top_rate: 0.2]
[other_rate: 0.1]
[min_data_per_group: 100]
[max_cat_threshold: 32]
[cat_l2: 10]
[cat_smooth: 10]
[max_cat_to_onehot: 4]
[top_k: 20]
[monotone_constraints: ]
[monotone_constraints_method: basic]
[monotone_penalty: 0]
[feature_contri: ]
[forcedsplits_filename: ]
[refit_decay_rate: 0.9]
[cegb_tradeoff: 1]
[cegb_penalty_split: 0]
[cegb_penalty_feature_lazy: ]
[cegb_penalty_feature_coupled: ]
[path_smooth: 0]
[interaction_constraints: ]
[verbosity: -1]
[saved_feature_importance_type: 0]
[use_quantized_grad: 0]
[num_grad_quant_bins: 4]
[quant_train_renew_leaf: 0]
[stochastic_rounding: 1]
[linear_tree: 0]
[max_bin: 255]
[max_bin_by_feature: ]
[min_data_in_bin: 3]
[bin_construct_sample_cnt: 200000]
[data_random_seed: 175]
[is_enable_sparse: 1]
[enable_bundle: 1]
[use_missing: 1]
[zero_as_missing: 0]
[feature_pre_filter: 1]
[pre_partition: 0]
[two_round: 0]
[header: 0]
[label_column: ]
[weight_column: ]
[group_column: ]
[ignore_column: ]
[categorical_feature: ]
[forcedbins_filename: ]
[precise_float_parser: 0]
[parser_config_file: ]
[objective_seed: 16083]
[num_class: 1]
[is_unbalance: 1]
[scale_pos_weight: 1]
[sigmoid: 1]
[boost_from_average: 1]
[reg_sqrt: 0]
[alpha: 0.9]
[fair_c: 1]
[poisson_max_delta_step: 0.7]
[tweedie_variance_power: 1.5]
[lambdarank_truncation_level: 30]
[lambdarank_norm: 1]
[label_gain: ]
[lambdarank_position_bias_regularization: 0]
[eval_at: ]
[multi_error_top_k: 1]
[auc_mu_weights: ]
[num_machines: 1]
[local_listen_port: 12400]
[time_out: 120]
[machine_list_filename: ]
[machines: ]
[gpu_platform_id: -1]
[gpu_device_id: -1]
[gpu_use_dp: 0]
[num_gpu: 1]

end of parameters

pandas_categorical:[]
